100
6 1 1000000000000000
1 1 1 1 0 100 0
6 1 -100
1 1 1 1 0 100 0
343065 212134 -468409119514139
84484549 543620616 561169687 257540195 425333210 58992703 0
132018 88699 -135679664117533
659489990 702928057 365753520 619134866 46015625 921278547 0
433601 0 521441107013392
482981839 482981839 0 0 482981839 1000000000 0
124212 19211 -72905619765033
311333103 654963320 303073661 921843205 824322787 360255859 0
500000 500000 1000000000000000
189942720 263988136 457943886 35972929 967484898 468622451 0
102115 9058 -768457048100570
786884534 500085154 776328557 333280457 946686722 524441333 0
500000 347169 668951
9 9 840116834 419332663 970875410 11 0
500000 38489 1000000000000000
170053621 104267949 48786006 324090030 508073081 400485009 0
198503 71561 -895699127752495
302252704 199376887 504107816 626761037 923824195 826489755 0
500000 39892 -992524084644474
266160919 833319842 946632969 466037183 944586337 643422331 0
389098 321182 -362006254660649
631318054 630904155 597683962 504628820 279221046 934016107 0
439388 391673 -13895601823886
128701343 603594569 410806578 82770926 88413767 871936287 0
387971 282807 444031376477794
960590438 47063884 506457447 489256676 455979608 64566411 0
500000 0 1000000000000000
1 1 0 1 0 1000000000 0
500000 500000 1000000000000000
999999999 999999999 0 0 999999999 1000000000 0
423217 239816 -844952719955853
807907626 384885908 282625874 497228172 715928125 601997281 0
97758 82295 -965668344156317
420236082 384967351 969837613 533632925 665306824 652204157 0
151862 142948 1000000000000000
955074737 168528160 886689593 331361339 277937561 212335893 0
230590 35374 -384561717133115
126886656 925840214 426660114 700841111 892556197 537142647 0
11598 2127 -358667208561209
542796311 927620580 750562908 743283111 986177238 986250679 0
500000 483462 1832786
2 0 143428 947996436 199588886 11 0
387971 5241 1000000000000000
581325458 649194157 111896231 407052896 795610449 671357131 0
500000 500000 359288320965227
992903797 687784017 530424662 991418902 911077638 373412341 0
448543 24850 147962572359553
156800666 359992082 114874852 788466395 837657386 517872596 0
247123 89865 -769653310752373
334871956 351288773 419207479 718128946 108141256 783263133 0
116520 116520 1000000000000000
896566963 225953023 39277011 702539202 657555942 746699539 0
2 0 1000000000000000
1 1 0 0 0 1000000000 0
343428 294612 -78929585301060
235210158 387848674 472688418 636059273 642151757 844555525 0
94521 20102 469851087371786
651060413 363731353 69051072 409703716 848737040 703567569 0
341456 62371 -248521131381484
700991037 673624390 226998370 225440054 510910686 665187841 0
132018 132018 -444491931629496
863802606 531240157 627084142 278434853 449385977 709060359 0
444520 252045 7213387083370
382867918 247859831 83758047 782011980 284323858 772741917 0
427120 280268 478469548814038
452331086 801055080 4241839 201079624 159458317 967046115 0
500000 125000 125000
1 0 0 1 0 2 0
387971 387971 562002011470608
206049241 232894688 566544217 134003969 540375823 166300177 0
500000 260337 1016562
6 9 75007341 166364255 145714454 11 0
137783 101530 -368151875650057
612489003 739083202 998927204 837243217 327165709 606079043 0
500000 500000 1000000000000000
973591883 437488715 78020678 993732453 852499846 839225223 0
500000 500000 443304499378930
463387120 539539444 780062013 458089192 385264344 869262823 0
291968 291153 716906597997472
27766217 460195751 523585754 583855451 24597071 610462305 0
135564 133965 -676167489134069
356970271 716915264 958072245 970919795 390841264 116551860 0
2 1 1000000000000000
1 1 0 0 0 1000000000 0
500000 176651 1569055
7 0 324914936 451673133 840091252 11 0
343428 86660 1000000000000000
910767190 878513941 155306289 511255838 109000676 475358773 0
500000 0 747844920098967
323791151 323791151 0 0 323791151 1000000000 0
500000 84373 1000000000000000
14454933 201366107 743738123 955758102 927493007 921712739 0
334765 169566 105615043300492
94188136 415609737 40147485 232340017 866723416 47192255 0
441142 390345 -49588225857851
338603870 522131783 742388747 745931009 88574221 929930777 0
321921 321921 1000000000000000
333359561 824128423 459342978 108214533 44687067 569357645 0
271938 17356 212766742002451
231406390 640538848 72932924 281720499 710273319 852740643 0
343428 343428 -106319008707904
654270547 877653543 811685417 32259308 206260153 883257607 0
143373 137653 -82778324592312
45184888 961709236 137366665 660953656 734610869 445720551 0
500000 500000 1000000000000000
255486221 193987831 967474067 24824193 393160201 727516473 0
30012 2315 -518675912818546
747899182 71325712 34267409 106171467 97829048 706989561 0
151862 123361 -906777208569955
223083915 367018768 351859620 275827000 90698100 18896865 0
39861 8163 -51822381413297
673436354 870058857 80105244 132109959 525149362 356079559 0
404405 259058 271874934951628
302960725 843384630 30548063 939752811 902582624 975955445 0
205627 44019 -548912457330074
78806562 237152119 391280664 6181240 456218457 244696687 0
500000 441959 1000000000000000
984539362 113015000 624153399 627314458 51924425 209965529 0
500000 75791 392028172607746
38192327 53655035 877109881 316013467 435392248 72579599 0
500000 466372 575996587421467
168782568 589026827 154187829 570021469 3982727 160084757 0
442411 11977 485823423279661
287479453 83289698 79135572 861361244 325172559 730065985 0
500000 130161 1664067
8 2 148156343 911810231 302201697 11 0
158864 0 1152008065457
581057221 581057221 0 0 581057221 1000000000 0
2 2 1000000000000000
1 1 0 0 0 1000000000 0
500000 119457 269963352369640
291600172 756379195 360635266 852968861 340853540 512729453 0
500000 76688 3202645
0 3 186642248 459519265 355621482 11 0
500000 0 -213318461388240
802682173 802682173 0 0 802682173 1000000000 0
208954 208954 1000000000000000
900575714 848979923 717786974 766617955 903174801 797392315 0
162982 0 520912405825381
421550815 421550815 0 0 421550815 1000000000 0
500000 500000 -851913648322443
422325965 411442464 672118908 808298435 651548345 96028871 0
151862 151862 549423188072561
651205777 969582454 807259354 815288771 827635561 398727639 0
500000 278083 4888248
6 4 632638615 933954870 851497922 11 0
300621 0 588765595736664
443271219 443271219 0 0 443271219 1000000000 0
484004 186420 -240320641835338
864744877 539515387 463341214 226388038 17711421 269402418 0
463993 428409 -715507965101901
879590385 766521576 323250544 819235560 511206842 384359933 0
50979 7826 974120632535862
775470700 587890314 554184000 785379655 429165652 496595413 0
457395 88154 714053718687963
46191652 586262112 313222548 787054194 272257466 131303589 0
452420 5787 65432652671174
910985128 715416683 530279732 862662217 322986001 626784089 0
432152 381970 -499219161361496
224846234 64209080 556925774 36848067 879638857 668955131 0
29903 18017 -489425911859950
230543242 367348347 829173399 415237476 215914928 14986817 0
291501 45323 -473609705811688
744157023 202304375 827288678 745634676 732506055 919629359 0
449507 231556 560624536570467
805513232 365687927 607196560 8156282 27113139 728066837 0
500000 500000 -378155935714546
814036525 612394094 551231646 263089706 296364351 902982691 0
132018 93344 1000000000000000
446058842 762685538 48461380 877642643 551670540 284954427 0
102754 35417 -678092641335415
200538020 767987078 795442106 414515464 362816663 887798347 0
174472 21313 929474309648566
284508858 811359096 774782659 433380206 35655776 228330755 0
354678 304416 -453737832298388
612104870 718246032 610079976 127404576 43560560 870420647 0
500000 500000 1000000000000000
0 0 0 0 0 1000000000 0
349136 24074 870722048105256
542934313 321025187 611578489 384429035 764680141 995412475 0
146538 3362 -837722798499788
243899142 907508074 399236094 533470591 198709498 587335093 0
103161 103161 1000000000000000
722125396 802900748 639767764 458949851 995889491 686895695 0
500000 500000 1000000000000000
535351127 609610399 889192342 67012135 13716209 7837737 0
500000 471117 1000000000000000
675390596 397672821 543445035 47041563 45871558 583211011 0
500000 351790 1077871
8 5 824852796 616665017 998897651 11 0
500000 0 -957064466006661
808008451 808008451 0 0 808008451 1000000000 0
500000 0 80042777738010
871794929 871794929 0 0 871794929 1000000000 0
161020 120199 599569028051309
602414578 867409777 285297723 117329463 390176993 490276649 0
