100
6 1 1000000000000000
1 1 1 1 0 100 0
6 1 -100
1 1 1 1 0 100 0
473705 449178 321051482181853
853464927 337149620 76772871 587448423 390604888 421732775 0
165507 3331 -420312323049013
781001427 595101055 572575787 637551006 724283712 812098441 0
50200 32794 -200673496071959
766711700 92482994 418236319 710451197 955071396 366675 0
370908 105003 -486931450216315
185244709 509177271 177940168 88275355 96608338 632383897 0
500000 106820 1000000000000000
33858722 947235185 349945583 967821381 433796747 656106527 0
493951 395809 545619335381058
460068521 683759704 711267252 43256871 328529507 437784814 0
222964 38174 -576790641877838
254550901 579003090 47618221 244159422 121091845 456525985 0
461335 0 319348279393080
675800751 675800751 0 0 675800751 1000000000 0
61975 61975 1000000000000000
743516578 938349276 464821717 669200096 969258192 197932527 0
375772 336177 -427693111277331
708558217 706576360 640427335 85540208 267243098 999197085 0
500000 257686 3370213
7 1 296070204 405278065 283653048 11 0
446732 300446 -414457789334085
733979730 763107596 663210639 855082871 445097837 993336583 0
500000 462337 4303675
2 8 339737926 756710426 112375462 11 0
114734 25746 -72210702480833
584225584 614974763 193081941 719058075 311969135 512225229 0
117018 79483 -630108660339945
204991060 557537337 335567882 928627440 742176911 483070378 0
474901 40050 1000000000000000
87427497 246682666 92910037 852494028 228099526 608923271 0
500000 494498 1000000000000000
784412635 892501741 124478977 709614302 982933625 147292883 0
60701 42384 509761880942064
805874623 999023907 413467652 701585782 679263431 827554438 0
297375 217242 -501155141841740
401397940 494818713 934637860 599990001 681995577 652598107 0
263007 263007 708056261375035
135292070 268107834 508063096 388726896 333813806 218659481 0
474901 12912 685011265828997
110705281 893894253 211606524 164723392 815472278 933181417 0
413960 366422 -601074933272250
589378885 372109640 539728373 138065371 208893970 454439731 0
500000 0 -279244498495057
402276853 402276853 0 0 402276853 1000000000 0
127152 0 -82071591235392
855058739 855058739 0 0 855058739 1000000000 0
288039 30755 -31950317473627
568436257 658208252 501210153 500774984 76469735 586054445 0
340707 192409 93401059130297
788719808 76623420 109643623 859617085 115686057 347392054 0
2 2 1000000000000000
1 1 0 0 0 1000000000 0
500000 0 -626475719073179
15278991 15278991 0 0 15278991 1000000000 0
500000 454534 2545850
1 10 325338286 979287943 689433981 11 0
474901 474901 528999064531252
896546316 169555481 267957285 21626797 850478943 780618633 0
375772 375772 471413409576938
48951975 403719925 73473734 739434454 939300503 927776057 0
262216 262216 1000000000000000
97892013 365355185 643933194 439240529 582084261 740331621 0
170921 67171 523299049714788
271106876 426147318 169906339 845782582 111175824 36934395 0
500000 246622 3032976
6 10 988349265 240178832 528901168 11 0
500000 500000 724493306650126
281682615 144742036 387819061 120094710 126311290 879691491 0
500000 70491 623060
9 7 54794984 270828722 494438131 11 0
367008 0 897092825020675
729694929 729694929 0 0 729694929 1000000000 0
51428 27057 -407836024712629
407940053 507871664 619412147 861702214 536217815 972787601 0
500000 133342 1000000000000000
361071564 309457290 348690510 795045413 195351766 28901595 0
500000 0 327134250782447
178560425 178560425 0 0 178560425 1000000000 0
200875 199226 598538135601635
362653902 679800038 338899123 515767175 694760210 883674403 0
477579 186338 855430242746636
741364969 183779968 792741322 126178919 643371425 940090191 0
495149 126724 40679815039462
142020226 559104692 859515498 971281044 626315688 451975995 0
500000 80023 913278187944014
433047573 477937198 597635932 848555006 342786266 163561835 0
375772 168630 1000000000000000
930295866 462289528 215110829 317679020 154034550 292087681 0
500000 118918 -31437505180436
506009268 778743858 662915034 317966423 422186268 30806145 0
500000 500000 1000000000000000
465090866 954849330 594206778 262113153 980144100 925729567 0
32822 0 672607431253348
110355589 110355589 0 0 110355589 1000000000 0
328522 326545 37834563881641
125408658 792692897 7656104 532647760 858859408 185563415 0
500000 500000 457952171112596
562962934 292537025 401530790 234347423 176523973 785547381 0
70670 17421 -627585015879447
895154265 723781745 298151121 857393235 221373806 145371951 0
500000 500000 -345732158045570
664841062 308113917 772664208 936211667 661547447 240873727 0
500000 500000 1000000000000000
999999999 999999999 0 0 999999999 1000000000 0
500000 265791 4782737
8 10 7889539 704850956 508486990 11 0
307928 271433 737103425799914
951522450 333507007 763936118 754906073 831817888 993674015 0
500000 500000 -7523360610489
295093466 487453055 922861371 179213582 367352262 418208809 0
143929 143929 1000000000000000
94418473 822719114 584898102 986276953 562073676 692937687 0
500000 125000 125000
1 0 0 1 0 2 0
190385 55535 846046854510317
237002837 959955171 549258876 539926551 156746044 449581759 0
457587 205097 -802910102269341
32142065 388086697 214899147 700429191 521564922 59497497 0
500000 439161 1000000000000000
701430631 433689555 338095362 347352394 985340879 429796979 0
236320 202364 1000000000000000
431575307 477293233 364112959 555056462 664132580 594877529 0
500000 492319 437124107041860
324890303 996027508 720776914 895194691 472562873 220534729 0
142207 59074 -303269783665872
230230194 253644406 63807160 660041298 476836042 314913425 0
500000 260736 747285
5 5 301362721 945058344 78961698 11 0
428543 75821 -545824192838707
831101258 468878411 848530533 797804721 466927854 487316499 0
396925 296401 -481888953876968
802726099 629030331 312186938 74049409 219963977 136634088 0
256386 256386 1000000000000000
470266849 231969433 48088945 266099219 171085823 459375997 0
158805 90308 775289379494765
862271801 774061582 196541092 636997164 477168108 144156925 0
500000 0 1000000000000000
1 1 0 1 0 1000000000 0
248214 137609 -295395775606062
736829506 818789328 616418441 410067249 590672162 77081027 0
500000 500000 1000000000000000
918244182 208152632 334862858 227050084 67930985 808310097 0
483133 284026 968456419327064
342994446 395991796 937725166 952373960 764389900 697227455 0
348534 75350 -237011859576595
559654659 90766315 49451789 168687875 803712082 768955023 0
236320 30206 -504384768595228
411044138 965633953 543733760 540464022 441254329 345437451 0
329500 38894 -890366130225877
755088134 402077597 110376841 54293536 501885760 153468945 0
263007 142481 1000000000000000
592408610 613621628 324531 443392325 475868420 589127215 0
264058 188797 695041198617321
714437528 92720813 935417388 7077779 141631818 488896199 0
500000 500000 1000000000000000
0 0 0 0 0 1000000000 0
68719 12364 -103511457472349
426772146 710686530 579649659 191168774 214308197 756688429 0
142704 128425 973662170178602
517225904 236103555 320812015 220737012 858316015 443970333 0
500000 159685 648001
2 7 481296485 375872769 973364004 11 0
298152 36224 -123414738534359
46212895 476935056 342602316 136530892 767536947 490859545 0
236320 236320 -293727700830043
449172258 907843345 856182433 85043460 394449654 267865007 0
18285 6148 -574898146937943
150333818 796220111 71361638 869363682 607451057 523149100 0
468381 348589 266138927142938
125166366 678188241 905474788 937548147 946374722 664038226 0
142609 2991 -429357646422531
938278425 167664887 230953062 674412813 563415517 461594423 0
115910 9740 303115348552716
670225733 980907848 78868584 955469280 704774775 751444135 0
2 0 1000000000000000
1 1 0 0 0 1000000000 0
500000 500000 1000000000000000
818565334 89048299 120502782 702032829 952095512 676468845 0
500000 0 -131337939856363
877578401 877578401 0 0 877578401 1000000000 0
149432 120382 402542645564463
956685219 728047690 420696653 367399479 987794815 708416567 0
343881 107434 -142961244643518
241562740 441950507 347504345 471403815 191581766 960332749 0
500000 500000 1000000000000000
926678212 963814507 226975483 125478589 904282644 275276961 0
263007 35252 -12793464318230
530872546 995502908 16904100 955584993 432640962 860083087 0
2 1 1000000000000000
1 1 0 0 0 1000000000 0
433163 82169 113241153956433
345333382 261599187 792574216 473096920 569590246 292365637 0
500000 166228 -300979451894059
844753905 577820029 467314440 823272125 31840621 753711813 0
