100
3 1 4
1100
1010
0000
1000
2 4 4
1111
1111
1111
0111
1011
1101
10 10 7
0010100
0011111
0011011
0011001
0011101
0111101
0011100
0011011
0011110
0011101
0010100
0011100
0111101
0011001
0011101
0011110
0011011
0011111
1010100
0110100
10 10 9
010000001
100111110
011010011
010100110
000001011
000000011
100111001
101000111
100000010
001110001
100111110
101000111
011010011
010000001
010100110
000000011
001110001
100000010
000001011
100111001
10 10 8
10000010
11110010
01101000
10111110
00101111
10110001
10101100
01010100
11100001
11001110
10111110
11001110
01010100
10101100
10000010
11110010
01101000
00101111
11100001
10110001
10 10 5
11110
01011
01011
01110
00110
01010
11100
01010
11110
00110
11011
01110
11100
11010
10110
01011
11110
01010
00110
11111
10 10 10
1001100010
1001100010
1001100010
1001100010
1001100010
1001100010
1001100010
1001100010
1001100010
1001100010
0011011010
1001000010
1100110101
0001110110
0110011000
1100110111
1110100111
1011100011
1101010110
0000100101
10 10 10
1100101110
0010000100
0101101110
1101101110
1101101100
0010000100
1101111110
0101101110
0101101010
1101101110
0101101110
1000101110
1101101100
0101101010
0100101110
1101101110
0010000100
1110101110
1100101110
1101111110
10 10 4
1100
0101
1100
0101
1100
1100
1100
0101
1100
1100
1000
1100
0100
0111
0001
0101
1110
0000
1101
0110
10 10 5
10111
10101
00111
10111
11110
10110
10111
01011
11111
01111
10101
00101
10011
11111
11110
01111
10110
10111
00111
01011
1 10 10
1010110101
0011111101
0000001110
0110100100
1110111111
0111100110
0100010100
1010001110
1111001011
1111010011
1010110101
10 1 1
1
1
1
1
0
0
0
0
1
1
1
10 10 6
011111
100111
011001
011011
001001
011101
001000
011011
011111
010001
011101
100111
001111
111111
001001
010001
011111
011011
001000
011001
10 10 5
00000
00000
00000
00000
00000
00000
00000
00000
00000
00000
00000
10100
10001
00010
10010
11000
00100
10000
00001
01000
10 1 1
0
1
0
0
1
0
1
1
1
1
0
10 10 4
1101
1100
1111
1101
1101
1101
1100
1100
1101
1101
1111
1001
1110
1000
0101
1101
0100
0111
1100
1011
10 10 9
111100100
111100100
111100100
111100100
111100100
111100100
111100100
111100100
111100100
111100100
110100100
111000100
111100100
111101100
101100100
111110100
111100110
111100000
011100100
111100101
10 10 10
1011111001
0010000000
0110000101
1011110001
1011101001
0110000101
1011111001
0110000101
1011101001
0110000101
1010111001
1011101001
1011011001
0011111001
1111111001
1011110001
1011111001
0110000101
0010000000
1001111001
10 10 10
0001000001
1111000000
1101100001
0100011100
0000100010
0111100100
1100000110
0101001101
0110000010
1010011100
0001000001
0000100010
0111100100
1010011100
0100011100
1101100001
0110000010
1111000000
0101001101
1100000110
1 1 1
1
1
10 10 10
1010011110
0111001110
1010011010
0111001110
1010111110
1111001110
0010011110
1111001110
1111001110
1010011110
1010011010
0111001110
1011011110
1110011110
1010001110
1010011110
0010011110
1111001110
1010111110
1000011110
10 10 4
1101
1000
0010
0101
0100
0010
0101
1110
1111
1101
0101
1110
0100
0010
1000
1001
1100
1111
0000
1101
10 10 8
01011111
11010111
11001010
01110111
11111111
01111000
11000101
00011111
11101100
10110100
11010111
11001010
11000101
01111000
01011111
11101100
10110100
01110111
11111111
00011111
10 10 10
1111001101
1010001101
1010001101
1110001101
0110001101
0110001101
1110001101
0001001101
1110001101
0001001101
1101001011
0001111111
0001001011
0000101000
0011110111
1001110101
0001000101
1001110010
1100011000
1101100001
10 10 7
1001011
1100001
1010001
1010010
1000000
1010000
1000001
1000011
1011001
1000010
1010000
1000010
1010010
1011001
1001011
1000001
1100001
1000011
1010001
1000000
10 10 5
11101
11110
10010
01001
11111
01101
11110
01010
00101
00010
10010
11110
01001
11101
11111
00101
01010
00010
01101
10101
10 10 7
1101101
1000010
0111101
0000110
0011000
1001010
0010000
1110110
1100000
0011011
1000010
0111101
0011011
0000110
1001010
1101101
1110110
0011000
0010000
1100000
10 10 8
01011111
00010011
10111111
11001101
10010010
00010000
01110011
11011100
00110110
11101111
00010000
11101111
11011100
10010010
00110110
10111111
01011111
00010011
01110011
11001101
10 10 8
11000101
11001101
11000101
11001101
11000101
11011111
11011111
01000001
11001111
11011111
01000101
11001111
11100101
11000101
11010101
11000001
10000101
01000001
11001101
11011111
10 10 7
0010001
0101001
1010011
0100001
1001000
1100101
0001111
1101000
1110000
1101100
1101100
1110000
0010001
1101000
0101001
1001000
1010011
0100001
0001111
1100101
10 10 7
0001110
1010111
1011000
0000110
0010101
1000111
0110111
0011010
0101101
0011110
0011010
0001110
0000110
0110111
0011110
0010101
1011000
1000111
0101101
1010111
10 7 3
011
011
010
011
101
101
010
010
010
010
010
000
101
001
011
111
110
10 10 5
00110
00000
10100
10101
00100
00010
10010
10001
10100
00000
01110
00110
10010
00100
00000
00010
10101
10100
10001
10110
7 7 10
1111111000
1111101100
1010111100
1110000001
1010010100
1011111000
1111011000
0110010001
1101101010
1100000000
0101011100
1100110000
1011101111
1101011111
10 10 7
0011110
1100111
1001110
1110100
0110000
1010010
0010110
1001111
1101101
0011100
0100001
1110011
1000000
0110010
1001110
0011110
0000001
0100010
0111001
0010100
10 10 5
10110
00111
01101
10011
10100
10010
10001
01100
11100
11101
01000
10011
11001
00110
00111
01100
00010
11010
01111
11100
10 10 7
0011110
0110011
0010110
0011111
1101110
1110011
0100000
1010110
1100010
1100101
0010110
1100010
1100101
0011111
1010110
0100000
0110011
0011110
1101110
1110011
10 10 5
10000
11101
00001
00101
00101
00010
00000
10101
00001
00001
00001
11000
11101
10101
10100
00000
00010
00101
10000
10010
10 10 7
0101101
0011010
0000001
0110000
0000101
0100100
1110001
1110011
0100000
1010011
1110001
0000001
0101101
1110011
0110000
1010011
0100000
0100100
0000101
0011010
1 1 4
0000
0000
10 3 2
01
01
01
11
11
10
00
00
00
01
01
10
11
10 10 8
01010101
01101100
01110100
01000100
01101100
01111100
01100100
01110100
01110000
01000101
01100100
01010101
01110000
11010101
00010101
01000100
01111100
01101100
01110100
01000101
10 10 10
0100111111
0001100000
0001110000
0001100000
0001110000
0100111010
0111110000
0100111110
0011110000
0111110000
0011110000
0001110000
0000111111
0100111010
0001100000
0100111111
0100111110
1100111111
0110111111
0111110000
10 10 7
0100101
1101010
1010001
1111000
0000000
1111110
1011100
1111111
0101111
1001011
1111000
1001011
1010001
0101111
0000000
0100101
1011100
1111110
1101010
1111111
10 10 4
1001
1011
0001
1011
0110
0110
1101
1001
0100
0101
1000
1111
0000
1101
0111
1011
0010
0011
0101
1110
10 10 10
0011011011
0011110000
0111011011
0011011010
0011011011
0101001111
0011100000
0011110000
1011100000
1011011010
1011100000
0011110000
0001011011
1011011010
1011011011
0011100000
0111011011
0101001111
0011011011
0011011010
10 10 5
11000
01110
00001
00000
10011
10011
10010
10000
11001
01100
10000
10010
01000
11000
01100
01110
00001
11001
10011
00000
10 10 10
1101011010
0010001011
0001101111
1100101110
1110001111
1011101010
0001101010
1001110111
1000010000
1110011000
0010101010
1011000011
0101001111
1100000101
1011111101
0010111000
1111011000
0011000001
1010101111
1110111100
10 10 4
1010
1010
1010
1010
1010
1010
1010
1010
0010
1010
1010
0011
1011
1100
1000
1111
0010
0110
1110
0000
1 10 10
0111000011
1011001011
0111010001
0011110110
0010110110
0110110001
1001010110
1111100010
0111000011
0000000110
1001111100
10 10 6
111000
001100
000111
110011
110111
111001
110101
000110
010110
110101
011011
100011
111111
010110
101111
100110
101000
101001
101101
001101
10 10 9
000101010
100110011
010011111
010010001
100100100
001010101
101110110
010111000
101101010
011001010
000101010
010111000
001010101
010010001
100110011
101110110
010011111
101101010
100100100
011001010
10 10 8
10010100
01000010
01111111
11000010
00010111
00000010
00101010
10101110
01011100
00110100
11000010
01111111
01000010
01011100
00010111
00110100
00000010
10101110
10010100
00101010
10 10 4
1011
0111
1001
1001
1001
0101
0111
0101
1011
1011
1011
1111
0101
1001
0011
0110
1010
0001
1101
0111
10 10 6
001010
100011
101011
101010
101011
101010
101011
100011
100001
100000
101011
011010
100000
100001
100011
001010
000010
001000
101010
001110
8 10 8
01000010
10101101
00001001
00011010
01001111
10101110
00110000
01100111
10101011
00110111
01111011
01011101
00110011
01011011
00101111
00000010
01010110
10001101
10 10 10
0110101010
0110101010
0110101010
0110101010
0110101010
0110101010
0110101010
0110101010
0110101010
0110101010
0110101110
0110100010
0110101010
0110111010
0010101010
1110101010
0110101000
0100101010
0111101010
0110001010
10 10 6
001000
000011
100111
111001
111110
111100
110011
101010
011001
001010
111110
100111
001010
101010
111100
011001
110011
001000
000011
111001
10 10 9
110010101
110110101
110000100
111010101
011011101
111010101
111011101
110010101
111010101
110010101
110000100
110110101
111010101
110000101
110010101
010010101
111011101
100010101
110011101
011011101
10 10 10
1100101001
0110010000
0011010110
1111011110
1101110100
1100000100
0001111010
1000110111
1100010010
0110010110
0111111011
0000001101
0001110101
1010111011
1100000101
1111110110
1101100101
0110111001
1110010111
0001100000
1 1 10
1111111111
1111111111
10 10 10
1000001001
0101010000
0101011110
0011000000
1000001011
0101011100
0001001000
0101011101
0001000000
0001010000
0001000000
0001010000
0101011101
0101011100
1000001011
1000001001
0101011110
0001001000
0101010000
0011000000
10 10 9
011100001
010101001
001000001
001101001
001100001
011101011
011101001
010000000
001100001
001110001
001100001
010000000
001101001
011101011
001110001
111100001
001000001
011100001
011101001
010101001
10 10 10
0101100010
0000111011
0001010101
0111110010
0011010001
1011111111
0100100000
1000000001
0011101000
0001001111
1001000110
1001010011
1111111110
1000001010
1001011100
0101100110
1001001100
1000100101
0111110101
0000110100
9 8 10
0101111010
1000100100
0000000011
0111001010
0100010100
0111000001
0001010000
1001100100
0100111010
1110111000
1111110101
0110110010
1000111001
0000000101
1011000111
1111100110
1111011111
10 10 4
0111
1111
1111
1101
0000
1100
0100
1000
1111
1011
0000
1000
1101
0101
0111
0011
1011
0100
1111
1100
10 10 9
110001010
110001010
110001010
110001010
110001010
110001010
110001010
110001010
110001010
110001010
110011010
111001010
110001011
110001000
110101010
110001010
010001010
110000010
100001010
110001110
10 10 5
01000
10101
01001
10000
00010
01101
00111
01000
01011
01111
01011
10000
11000
00111
01000
01001
00010
10101
01101
01111
10 10 8
00101100
01101110
00100111
11100000
01000100
01111101
00111101
11101000
01110111
00100101
01110111
00100111
01000100
00100101
00111101
01111101
01101110
11100000
11101000
00101100
10 10 5
00110
10111
10010
10100
10100
10000
10000
00111
10011
10110
10011
10111
00111
10010
10100
00010
10000
10110
00110
01110
10 10 9
110000111
101010111
110000111
101010111
101010111
110000111
001010001
101010111
110000111
001010001
100000111
110010111
101010111
110001111
001010001
110000011
010000111
111000111
110100111
110000111
1 10 5
11111
10111
00001
00011
11000
11001
11101
00010
11110
10101
01001
10 10 9
111101100
010001001
001000010
111111000
110011101
010000000
011000110
110011101
010000101
111000110
111000110
010000101
001000010
111101100
011101100
110011101
111111000
011000110
010000000
010001001
10 10 5
01000
00101
11011
00010
11000
00001
11101
00010
10101
11111
11011
11000
11111
00001
00101
01000
10101
00000
00010
11101
10 10 6
010001
111001
111110
101001
100000
010000
100110
111001
101011
000110
011000
101100
110101
111001
111010
011111
111111
110000
000110
010110
10 10 9
000001001
000111010
001000000
111100001
001001001
100011101
100101110
000110111
011100001
111000010
000110111
000001001
100011101
111100001
111000010
011100001
001000000
000111010
100101110
001001001
10 10 10
0100001100
1100001010
0000011010
1001000111
0110010010
1001110110
1001100011
0011011111
0110111001
0011110011
1011010100
0101100000
0110001101
1001111110
1111011000
0011100100
0101111001
0111010110
0000101100
1110001110
1 10 10
1100001001
1011000100
0110111000
0110010001
0101101010
1011111001
0100001111
0010101100
1010111100
1100001001
0101000101
1 10 10
0100011001
1010101111
0100011000
0000001110
0001111011
0011010100
1100010000
0111001110
0011111001
0101001001
0100011001
10 10 4
1100
1100
1100
1100
1100
1100
1100
1100
1100
1100
1110
1010
0100
0101
1001
0000
1100
1000
0110
1101
2 4 6
011001
010001
101011
111111
011001
010001
10 10 4
0001
0101
1000
0111
1011
0101
1001
1001
0100
0001
0001
1101
0011
1000
0101
1011
1001
0100
0000
0111
10 10 4
1110
1100
0100
0010
0000
1110
0110
0110
0010
1110
1101
1010
1000
0110
1100
1110
1111
0100
0000
0010
10 10 10
0010010100
0110010000
0010110100
0111010100
1010010100
0110010100
0010010000
0010000100
0010010000
0010010100
0110010100
0111010100
0000010100
0010110100
0110010000
0010010000
0011010100
0010010100
1010010100
0010000100
1 10 10
1000111111
1101010010
1000111111
1100111110
0010001010
1011011011
1010110011
0110001101
0110000011
1110110011
0001010110
10 10 4
1000
1011
0001
1000
1001
0110
0001
1001
0000
1001
0000
1000
1111
0110
1100
1001
0001
1010
0011
1011
10 10 8
11011111
00000111
01010010
01001001
11000011
00010111
10000001
11110000
11110010
11110000
11110010
01001001
11011111
01011111
00000111
00010111
10000001
11110000
11000011
01010010
10 10 7
1010001
0010001
1010101
0010000
0010101
1010100
0000000
0010101
0010001
1010101
0010000
1000001
0010001
1010100
1110001
1011001
1010101
0000000
1010001
0010101
10 10 6
111110
111001
101011
000010
100101
001110
011010
001100
000011
001101
111110
001110
001100
000011
111001
011010
101011
100101
001101
000010
10 7 7
0111101
1100001
0011010
1001001
0100011
0111110
0001000
0110111
1111111
0001110
0110100
1001001
1010101
1101000
1110000
1001011
0100101
10 10 6
011110
001001
000110
000000
111101
011100
011001
111001
000100
001110
000000
001110
000100
001001
000110
011110
111001
111101
011001
011100
3 10 5
00011
10111
10000
01000
10010
10101
01100
10110
01110
10011
10100
00110
10001
10 10 5
00101
11011
00100
00101
01110
01101
00110
00111
01001
01100
00111
00110
11011
01001
00100
01101
01100
00101
10101
01110
8 3 10
0111101011
1110101100
0101010101
0101000101
0100111100
1100110110
0011111010
0000111111
1111101000
1110101100
0000110001
10 10 10
0110000111
0011100010
0100010011
0110110111
0110110011
1000110010
0001010101
1100011110
0110011011
1100010011
1001010000
1011100110
1101101100
0010100100
0000110110
0100101000
0110010100
1111010101
1100010110
1000011001
10 7 3
011
000
011
010
100
010
101
100
101
111
111
011
000
010
101
100
001
10 10 6
100000
000111
101001
010111
110100
100101
110011
100000
100111
110101
100101
000111
110011
000000
100000
110100
100111
010111
110101
101001
10 10 4
0001
1011
1010
1100
0000
1011
1001
0101
1001
0100
1001
0001
0011
1011
1111
1010
1100
0000
0101
0100
10 10 9
000100110
100100110
000100110
011101101
100100110
010111011
010111011
100100110
100100110
100100110
000000110
000100110
010111011
000110110
010100110
000101110
011101101
001100110
000100010
100100110
10 10 9
011110010
101011000
111001101
000110100
001111111
111110010
111110110
101011010
000011110
000001001
111110110
000001001
111001101
011110010
000011110
101011000
000110100
001111111
111110010
101011010
