100
3
2 2 2 2 2 2 2 3 3
2 2 2 2 2 2 2 2 2
3
2 2 2 2 2 2 2 3 3
2 2 2 2 2 2 2 2 3
3
859226 860513 848637 859919 851558 863480 852633 856812 865836
859617 863512 863967 853563 855160 846531 855712 861252 859302
3
9 9 9 9 9 9 9 9 9
9 9 9 9 9 9 9 9 9
3
332609 672734 723696 18688 688813 407938 753264 726263 113638
52055 818008 27088 377792 78322 711535 946535 191425 149860
3
34065 704763 425747 836660 999972 131372 93107 411916 972575
814618 61587 504375 283302 944542 955702 429493 660082 352751
3
79881 80690 80113 79658 79812 79344 78582 80446 80658
81000 78415 80441 80453 78981 79807 78469 80555 81062
3
806831 795689 801965 796025 815169 796878 791886 793578 806801
806359 805067 805856 798505 807720 793816 798450 782002 807050
3
857116 483823 946905 874292 503212 326058 282977 403282 684255
847417 341204 217610 93549 576672 42678 831092 758912 934788
3
825243 156769 775378 721264 677432 302523 387964 297090 719360
725294 538583 531111 337506 938433 90900 996156 688236 591390
3
950508 563364 36404 254893 902265 256424 419 196777 878090
355639 168493 887098 935508 469835 672489 494653 734473 862109
3
177085 172878 175761 177077 175700 176425 172410 176230 174169
174911 175567 172015 178372 176524 174920 175503 175955 173968
3
455333 217342 692244 412998 213714 514305 452106 349538 150546
411698 597225 510484 776239 999620 738363 86948 612475 705725
3
2 2 1 2 2 1 3 3 3
1 3 1 2 4 2 2 1 3
3
268317 221213 720509 43892 40598 389112 305820 110678 510777
378632 36975 94025 845870 525691 402350 391088 70845 978928
3
5 3 1 2 2 3 2 7 7
5 3 6 2 2 4 4 1 5
3
378897 854503 384405 937991 60692 482769 791853 451222 154630
822995 406547 21039 857347 930714 17070 268180 979739 68954
3
751316 841529 19869 18175 280530 421366 292192 391444 837162
232447 322601 725814 534785 731525 314877 134765 894734 313681
3
571442 509241 707915 421325 674459 118213 777187 37816 284282
975066 797615 570584 832607 74444 811490 779931 402492 40199
3
894436 941651 867552 877492 160707 86971 848920 358289 286334
847392 968945 772744 180403 649969 749559 925682 858406 125994
3
4 4 4 5 2 3 4 5 8
4 7 4 2 5 5 1 9 3
3
1 2 7 6 1 3 5 1 3
4 3 5 3 4 4 4 1 1
3
821957 815604 804407 818945 798846 796507 803665 809753 811560
814765 802343 820929 821191 811177 799203 798892 806147 806600
3
630282 638952 645540 636795 640881 641812 642427 641920 641493
644694 637543 635420 642239 637363 640605 636440 633320 652479
3
581134 582010 578742 583709 574969 576861 580534 570650 574728
580144 575233 580995 580971 575421 571229 577622 576251 585469
3
553492 213565 821257 303831 378183 948897 535166 486727 730274
517095 682361 715871 623265 929701 161785 690267 546161 464252
3
250618 175494 517363 49195 43042 504540 626781 480949 138078
148362 277656 630076 915871 241382 139292 630863 78157 969463
3
476025 602820 681213 794817 518477 716093 87907 410150 705596
273704 637740 841669 528759 853203 475577 905707 825556 144936
3
998086 452424 951353 242841 963620 878489 849121 665672 215232
272693 801082 570759 936016 748054 307697 102306 528768 875843
3
5 2 5 4 3 5 7 5 6
7 4 2 6 3 5 5 3 7
3
596437 586509 594039 599074 593187 599767 596064 593661 600281
596530 597771 589765 592171 600111 595023 590500 599712 597435
3
813650 814562 798337 810678 813415 815998 791142 818102 802702
813553 797942 806484 807189 807709 807058 809896 812328 816427
3
3 4 3 4 3 7 3 5 2
2 3 5 6 5 4 4 2 7
3
3 6 2 1 1 3 3 2 2
4 2 2 1 2 5 2 2 2
3
788338 787063 781503 784371 796846 790579 800702 794232 791506
791405 790236 789080 790410 798905 799404 782078 782793 790829
3
1 3 1 1 1 3 3 1 1
1 3 2 1 3 2 2 2 2
3
663021 655759 665178 657407 655848 673777 666449 667331 666519
659972 665326 659600 663526 659434 672881 661080 658488 670983
3
4 2 3 8 2 4 2 4 2
6 3 4 5 3 7 2 4 5
3
641183 817165 702020 308288 192224 915587 820051 615160 228331
973386 405502 775056 29603 48191 240193 123427 990546 540568
3
4 1 2 1 3 3 2 3 3
1 3 1 5 1 3 5 2 2
3
77813 77849 77839 78104 77160 78044 77696 77958 76715
77612 77369 77865 77957 77544 77474 77355 78434 77569
3
872959 736213 221592 750663 824287 25177 694302 21348 869985
574495 680866 454893 814369 786350 365957 662121 101690 776831
3
402819 339089 475181 953800 541988 578885 373409 240705 378872
783871 570526 706900 685000 560021 704503 263881 949724 16579
3
674071 921935 932769 992572 183967 946036 785799 869096 93282
85841 591939 387974 445442 163332 223688 811321 853298 252862
3
332372 336701 336094 331268 327160 331542 332852 332044 333300
335123 330823 334895 328203 334468 328486 335922 333664 331749
3
2 3 2 1 2 1 1 1 1
3 1 2 1 1 1 2 2 2
3
3 2 5 2 5 2 2 7 3
2 4 6 6 3 3 2 4 2
3
431835 337116 70572 154808 560699 654089 394008 503016 947636
498719 329703 437341 282583 387816 340749 823298 583008 526675
3
762249 366663 969605 840211 979058 903394 726572 388763 71933
651565 719539 321255 791914 983477 959411 835314 363072 411506
3
6 4 8 4 7 4 5 4 2
6 8 6 3 5 6 5 4 6
3
911249 925701 918733 897440 919931 910004 916660 904093 913031
906569 926801 919883 900773 912293 914384 912461 905518 918160
3
308917 310868 313681 309728 308445 311476 314635 312189 308824
311139 312558 308534 308313 305524 313328 307992 318928 312448
3
935282 937676 956355 914787 948095 952359 940335 929357 941793
929725 945507 945212 927293 936985 944434 950887 945663 930333
3
193262 272261 396195 50296 857115 692481 566213 193511 364204
479497 534638 407789 485012 868551 18289 167778 337846 982247
3
103373 105146 104403 105678 105341 103361 103203 102813 103691
103542 104793 103596 104371 104134 104168 104765 104782 102861
3
907074 247505 856267 563204 779724 105396 825371 244901 372163
860288 480030 541633 873622 719579 745261 829947 896373 508439
3
823459 303467 515485 500398 656629 761406 918306 126080 647461
64602 879365 665804 824710 870999 50441 977872 794770 927670
3
912553 584110 616210 801937 956506 12016 550181 963926 848386
115722 596943 721374 481641 309322 329880 737357 707228 931009
3
479207 114273 806981 324103 145847 327977 700230 189805 108908
398579 194267 278402 407016 848617 412317 312939 282339 413283
3
256463 254289 259277 257264 255506 251634 253199 254479 252272
249662 252821 255103 255126 256337 255892 258864 256854 253724
3
685795 96062 465171 827653 56989 842241 499134 884342 741633
355515 854368 384043 517499 69171 495241 461508 426318 263927
3
897496 887442 865736 888261 873519 877689 876489 876216 871001
882823 878375 873398 879557 880874 888386 874126 887107 869206
3
393981 56730 894284 278285 537161 557165 794222 614405 85581
644410 815012 333353 443397 634284 891995 326189 384709 845003
3
1 2 1 7 1 2 2 3 2
2 1 1 6 3 2 3 3 2
3
249553 39215 769528 935807 87408 671663 24830 364572 279251
238361 196058 55969 815030 6084 979664 680956 809994 413253
3
3 1 2 2 1 2 1 2 4
3 2 2 3 2 4 3 3 1
3
520389 985686 90192 277550 174991 32343 887116 401824 600044
766969 649190 574512 700675 429096 990758 774656 321778 966399
3
772089 880414 925966 642211 51575 780483 832515 358824 736174
911340 567531 712872 463327 655958 161617 397249 186601 414012
3
641734 64081 814620 250204 506487 70788 173025 555058 682097
296382 826540 774224 242294 46634 313792 776523 699030 593940
3
2 5 6 5 4 8 3 4 2
7 3 3 4 4 3 3 3 6
3
2 1 6 3 5 7 5 4 5
4 5 3 1 3 4 4 13 3
3
727728 746336 738125 732894 736758 735686 737669 740076 737591
735975 732445 745007 724198 737329 734453 740094 727168 756193
3
2 2 2 2 2 2 3 3 3
2 2 2 2 2 3 3 3 3
3
940370 804799 251999 140859 599003 469052 294511 225672 644189
934583 713386 433858 342927 678370 396294 402701 975799 527699
3
802999 809739 813322 801885 808850 808756 797392 801828 809585
794716 804308 805787 802054 806804 814785 810073 815646 800181
3
169352 262492 591994 104111 270061 496087 157886 129078 460518
843562 41136 465038 363687 357786 21736 454894 983716 616933
3
1 3 2 3 2 1 2 1 5
2 4 1 3 3 5 2 2 1
3
188191 331909 420856 133203 861553 723955 825015 210656 61530
684636 953235 698830 366221 202849 339771 376069 583869 618867
3
2 6 4 5 1 1 4 3 2
1 6 1 2 2 3 3 3 5
3
1 2 3 1 4 1 4 1 2
2 1 2 2 2 3 2 3 2
3
887191 891317 886196 886540 872286 882040 870498 873864 884396
873314 886922 880947 879116 883600 873857 885793 887400 883380
3
2 3 4 3 4 1 4 3 5
3 5 4 2 3 2 2 3 5
3
146728 148638 146700 149006 147285 146875 149044 148519 145347
145697 144381 149688 147861 147282 148636 149852 146715 148031
3
34817 34883 34949 34825 34921 34801 34822 34753 34930
35288 34976 34968 35073 34918 34626 34636 34792 34427
3
2 2 2 2 2 2 3 3 3
2 2 2 2 3 3 3 3 3
3
959458 226677 920396 21277 218786 270080 431800 513265 116616
714705 265704 180539 246390 251331 405291 26902 781891 763176
3
493873 288893 106026 753350 843555 444708 21200 5899 518915
576374 632728 623346 81824 361000 976831 530507 615837 676302
3
58485 399864 355667 942384 587571 547270 11034 152991 693253
830278 329534 692006 244268 436365 732794 817482 861690 799745
3
708697 419988 52895 774302 883042 471502 169865 928196 998882
858694 75459 912262 221446 908541 126200 491492 321470 58518
3
779767 763795 764441 771226 777974 777308 770140 767774 779266
770234 774466 778453 768134 772114 776994 781316 766142 763840
3
2 3 1 2 2 2 3 1 2
1 1 1 5 2 1 4 2 1
3
81411 725211 592029 898554 78475 639180 921546 995467 277386
844517 981945 745248 128537 688522 659272 740219 975732 778469
3
994666 360447 674150 406955 143520 908491 979329 313574 625990
341762 810454 395567 866559 260667 830614 172906 217395 344569
3
438995 582951 951215 39212 827506 287970 132331 183277 80181
542203 396353 592329 902474 987467 283716 927394 668328 444789
3
3 4 4 4 2 6 2 1 3
5 5 5 4 3 1 1 2 4
3
234837 626207 956782 6496 824501 759004 934936 543965 536893
799336 534537 407825 652493 383341 434042 398186 82787 673381
3
252263 113694 853920 60498 994749 596520 220014 54497 680096
129562 328654 850 1699 11706 695057 186551 465075 543528
3
284047 604593 408710 741026 687170 197174 335244 939000 670087
782262 390748 444166 645763 689419 30403 326734 900210 636243
3
5 2 3 5 5 5 6 6 8
9 3 6 6 3 6 7 9 2
3
4 3 3 2 4 2 4 3 5
5 2 3 3 2 2 6 5 1
