100
3
2 2 2 2 2 2 2 3 3
2 2 2 2 2 2 2 2 2
3
2 2 2 2 2 2 2 3 3
2 2 2 2 2 2 2 2 3
3
386407 384548 393276 383243 391297 390082 395746 388266 386053
388049 392349 386379 390258 384090 386034 392823 389770 389163
3
566795 247151 753523 346619 22789 160859 716924 774964 13467
876179 672246 616041 961537 436280 876109 683536 971854 526863
3
635564 618872 633756 614495 625839 626824 617694 627465 623795
627973 618564 630740 619988 626899 639973 617604 622907 619657
3
5 6 4 9 2 5 6 4 3
6 8 3 3 4 6 2 3 6
3
278747 286482 276289 283776 285193 281391 279244 277041 278816
275331 286574 282898 281078 280476 278986 279924 278365 283345
3
446251 452878 453531 454336 451353 452334 449586 450123 448451
453103 446081 451110 452070 453791 451142 452583 448227 450728
3
407455 410547 411413 412517 410103 409776 406634 408714 413964
410201 410335 409364 410174 412187 407572 407178 411304 412807
3
2 2 2 2 2 2 3 3 3
2 2 2 2 2 3 3 3 3
3
312343 359926 852437 184105 554534 741507 379405 38933 516122
796590 714721 415699 767050 360708 588937 542492 703150 739152
3
3 6 7 3 6 5 3 3 6
4 6 4 4 3 7 7 8 7
3
807109 809184 805520 809872 811577 802073 817472 815492 818916
810662 821570 799896 803331 812507 810882 811259 818698 808407
3
570858 578835 571984 581277 568633 577276 566216 575428 578032
562981 571806 571163 578769 571479 585034 570330 572915 584065
3
38685 719582 832167 280587 55781 882021 873080 681611 442900
704072 282859 581220 630219 446059 471760 35654 267082 24700
3
579782 584250 579777 583161 573964 582766 580200 577819 581268
582611 574779 578200 590140 588033 579918 574869 575477 578964
3
508525 7912 726272 145653 793661 190051 258128 46447 716601
528223 583704 312192 489223 621786 697696 383993 213024 793632
3
360699 903583 220976 97942 183665 23062 925384 754217 516784
790934 67269 979336 763734 358780 495441 73326 892121 662566
3
4 2 4 2 2 5 3 4 1
2 4 3 1 1 1 5 1 4
3
339414 40006 111146 603678 817307 618176 254337 651770 369276
49534 757371 797797 444971 441761 558263 620597 434572 148403
3
694679 701014 299143 366601 573890 117034 915388 491069 747960
949899 618030 679700 345572 559727 585320 727129 192269 461339
3
1 3 3 1 2 5 4 5 2
6 2 2 2 4 1 3 4 2
3
2 1 2 4 1 3 3 2 2
2 3 2 3 2 2 2 4 3
3
869590 925204 714503 305438 465860 252969 815460 75159 980475
566079 53750 321184 616188 37084 155598 530964 605594 619932
3
445372 435777 439830 432246 435693 443031 434656 435989 435929
439375 433404 438687 435903 437337 438107 427654 440450 447606
3
83290 82620 82588 83769 83335 82290 83047 84220 84002
83243 82831 82681 83910 83382 82519 83956 82878 83761
3
695882 188258 513212 738770 464588 413207 521071 290580 489152
291272 175813 672773 72679 235380 135476 441598 659397 442641
3
3 1 2 2 1 2 2 2 3
2 2 4 1 2 2 2 2 1
3
3 2 3 2 1 4 2 2 4
3 3 7 2 2 5 1 3 6
3
749252 616048 314165 357020 620898 717229 663633 78922 214734
296458 800285 414556 536757 958361 54172 8225 537753 222026
3
536838 52549 350550 277803 190705 572986 867067 243550 984208
221851 717821 7618 26444 957541 50734 225958 973693 591494
3
426444 390715 295316 500822 910767 312503 910073 216352 126696
254987 728259 790149 457798 90020 369955 655320 39065 774368
3
458762 69578 585882 171903 827758 714104 520596 155709 375573
518926 162736 805472 753697 589817 266960 298100 880849 745466
3
9 9 9 9 9 9 9 9 9
9 9 9 9 9 9 9 9 9
3
341303 218212 939254 952984 169206 562948 23341 93112 489910
204383 988424 776123 314852 95011 514584 792369 96146 699741
3
937080 946509 937134 958283 949155 932489 969503 954772 955945
946044 952563 960365 946050 950094 949260 953423 947723 935346
3
752240 854857 514862 899680 152418 339218 830563 612699 858985
277418 423391 910959 48982 653021 528491 54014 886243 223147
3
792851 789150 776914 779763 788796 780811 774083 787995 780341
771666 791683 772152 781619 772148 794024 794580 786873 785953
3
833043 547494 871248 770376 296523 135405 193991 387896 512583
470436 235999 523240 534957 432194 546373 381787 107690 180159
3
931610 933862 920970 920644 920765 918180 921601 928576 918838
928816 914949 926904 916010 921331 922960 938472 920507 925095
3
623767 149880 604080 674034 460363 751919 122644 264770 102378
566275 709350 695739 434161 687493 430546 129433 708103 2471
3
173385 689525 454073 815288 196230 307557 577638 814323 199745
675040 363377 361915 258557 424547 104472 885130 631709 728019
3
936940 551642 914917 536292 270798 265998 662871 473356 722423
696344 708774 229812 207967 119273 2958 786195 970703 804114
3
952329 873075 69002 165287 410258 897271 140558 948462 68298
286915 480546 179770 680809 427455 830486 802725 51395 287490
3
690952 851199 559771 647743 687993 181880 567073 800533 345659
841990 75840 754952 320167 240988 394786 780829 313928 172594
3
3 4 2 3 4 1 2 6 5
4 3 6 2 3 3 3 3 1
3
766704 125492 263566 855556 202591 33747 573131 249624 909072
834565 472084 559732 749107 897464 147077 414891 176863 907465
3
809861 533668 855423 478040 467 923128 441253 377866 474037
694430 838070 782259 256395 293008 961625 680969 150201 64375
3
202084 35603 902842 759609 483238 303767 403305 278784 62083
669384 26505 785582 755471 330137 118933 948682 535086 614523
3
2 2 2 2 2 2 3 3 3
2 2 2 2 3 3 3 3 3
3
184614 185784 184453 186797 186795 189284 186670 187309 185857
187684 188612 186083 185633 185530 184152 184902 185419 189547
3
2 4 4 8 4 5 2 4 3
2 2 3 2 2 4 6 6 4
3
292892 290011 292108 290304 288711 290478 288839 295316 287131
286308 289011 289465 292644 292437 291999 289363 291139 293424
3
997775 456821 596821 136654 785236 261043 726079 65002 989737
424709 993820 432718 835412 756228 974174 65914 997799 249544
3
703821 55334 802792 792816 513589 822357 181783 534536 989889
419039 60916 466340 509806 465900 595774 540582 830048 212776
3
2 1 2 1 1 2 2 1 3
2 1 2 1 1 1 3 1 1
3
476932 303149 189757 548223 125569 220635 81198 464338 176719
893178 221135 600435 814026 652853 586630 840801 987348 68838
3
480397 295987 186859 393972 709723 649321 476647 640364 330822
808098 518360 230491 229551 531840 152194 640664 902856 725523
3
187175 184092 188883 187564 188092 185426 189768 187935 187757
186919 188516 185747 185402 187883 187890 187505 187446 189386
3
9 3 3 2 2 4 5 4 4
1 4 4 4 4 3 6 2 4
3
540163 214094 82522 64423 105828 448674 538101 490337 690511
412651 627695 176266 331874 491228 816749 603415 325084 286949
3
352204 359587 354617 351003 353966 358883 355875 355250 353641
360006 354778 348454 355650 353121 361222 354950 350503 356342
3
2 1 1 2 1 1 1 1 1
1 2 3 2 2 1 1 1 2
3
936387 760179 86207 492284 10798 918398 953662 544171 502664
425589 83411 104244 818684 385690 593237 819289 466315 267036
3
599608 609912 615458 603002 606312 609621 610335 607417 602784
610407 604994 596431 605865 607956 612514 618146 599170 608965
3
780625 85933 360301 194184 563090 474788 343089 266434 36570
418264 89043 739376 999060 75712 138780 833524 29400 38641
3
291645 292571 290194 289650 290695 290635 292981 289636 291086
293264 294939 293992 290059 296434 293961 281827 287767 286852
3
3 3 3 4 3 4 2 4 7
3 6 6 4 3 2 2 2 5
3
970125 817052 695973 418439 283246 928490 755 459468 358136
538921 438408 75555 305116 391379 162198 855501 504578 335616
3
894679 426531 10552 753809 810855 525355 47819 551641 276831
476122 341504 91014 157605 983025 114897 764542 553947 610830
3
397184 949283 86791 758332 467436 778236 469114 871743 867293
511258 391789 846961 500565 986762 248892 347568 8297 179752
3
2 2 2 4 2 3 1 1 1
4 1 4 1 2 2 1 4 2
3
936614 73721 499127 17328 822538 355314 360358 849960 793767
355424 535285 46159 961933 982079 518748 936926 145420 794598
3
4 3 5 7 5 4 5 6 4
5 5 4 6 2 5 2 4 3
3
908166 420314 442631 506781 340124 982155 812195 465482 287860
557915 66584 141963 112846 775372 201276 725969 195509 745119
3
2 5 1 2 2 3 3 1 4
2 2 1 3 1 1 2 3 2
3
890770 898249 880082 889248 884614 890980 892109 900667 889924
897310 875654 886335 886220 892414 887611 895463 899424 896211
3
4 2 3 4 3 3 4 4 6
5 2 5 4 7 3 4 3 2
3
875452 202237 689776 194626 908365 458752 247807 320861 612850
63851 777843 729581 706637 459751 75993 48492 258264 533932
3
332739 946591 514662 695553 4066 362888 386482 757320 119228
785321 856607 263289 484648 438287 355370 276289 854413 398783
3
3 2 5 1 5 1 4 7 2
4 2 2 3 3 2 3 2 6
3
47490 41550 362620 39475 690613 122639 92792 839752 345859
97777 944016 154544 56965 905938 661330 321520 960717 402482
3
2 3 1 4 2 1 2 1 4
2 2 2 2 1 4 2 3 1
3
2 2 2 1 2 1 1 1 1
2 2 1 1 1 2 1 2 1
3
5 3 1 3 2 1 2 5 3
5 3 3 3 2 1 3 2 5
3
185319 184698 185790 186059 181796 186199 182999 180028 183789
186988 181680 182066 185258 184361 184449 184492 181005 186376
3
1 1 1 2 4 4 4 4 2
3 2 2 2 2 4 2 3 3
3
4 3 3 2 3 5 3 2 4
5 5 7 3 3 2 1 3 2
3
1 3 2 3 2 5 2 7 3
2 3 2 5 4 2 4 3 3
3
956862 90090 163601 564978 129090 723542 528522 521280 686132
361875 789300 487445 168489 750735 38852 143422 316997 923697
3
214698 335295 845000 638210 950880 646708 247166 993064 235654
340171 229750 648973 616006 526838 348307 508617 149145 851794
3
107490 107351 107925 109760 107592 108648 109663 108958 106653
107392 107562 107773 108430 109523 108540 108463 109315 107042
3
976759 448304 732617 748304 812616 623525 364753 89927 189086
281162 503364 906912 689899 139816 337401 634150 833041 634412
3
205779 440803 593405 985583 63243 69266 304255 271816 373540
493730 405075 26401 842366 37399 654068 793553 752049 390090
3
23771 872395 427891 719747 464927 917284 253009 33279 333889
196302 72074 466780 606723 203222 886715 955583 695146 411668
3
435390 278024 745379 258551 99107 509629 992380 882430 157092
752350 1222 887289 948166 379164 556052 368306 894097 858146
3
797198 798154 795221 786984 789106 788647 797489 792805 784385
786954 804448 795770 799776 792182 793845 773484 793039 790490
3
771675 761632 762034 762202 751967 758799 761349 750811 749110
763636 755590 764078 756149 761217 754957 748960 767077 757916
3
435501 438512 434248 437635 449660 433569 440143 438676 431918
436589 442105 440876 436031 444716 433302 438267 434490 433485
3
3 6 2 4 4 3 6 3 5
6 2 3 1 3 9 3 5 4
